74897
63245
56318
16528
86053
53039
89398
46161
00829
43882
22599
98520
39994
36837
58993
33615
42977
50981
67444
94144
43038
35055
91750
90258
00034
53902
16994
24316
04670
85739
65485
78676
37229
74779
65365
41118
70989
35112
61451
59625
43075
15799
80996
46370
28568
30137
23630
13210
13163
22822
81126
23429
10101
35645
28565
45989
48913
12525
27195
41040
82500
94372
62379
42617
46451
85543
02655
95938
36419
07397
55665
83073
35241
86914
16430
01466
92831
35537
91127
86647
76054
97266
08609
15034
77887
76912
08073
74771
89477
23004
56952
63874
01872
17254
36048
91129
91995
73451
35760
37354
38608
50453
70470
89117
66551
26166
71059
23732
24648
38904
61987
46820
91753
85945
87075
18488
37410
34185
19532
87528
21356
50271
79032
55375
04929
98635
46885
30665
29669
88683
92622
12900
99960
82094
19589
96518
21690
21903
87163
31809
01976
61487
75298
07036
37386
17985
92699
36072
97493
94581
62238
83173
84359
43685
00072
58997
81119
62407
82014
95347
27033
76373
15281
81451
22898
55034
23434
21068
86133
42993
86856
87333
70639
54646
30996
97925
85403
01858
97048
32261
56079
34722
48888
75320
19836
08939
49734
19809
88057
43135
80037
43189
64157
19699
22474
98557
50807
70916
92744
51862
10551
89815
94974
05352
05687
29453
20959
53268
22316
15155
35224
06118
06463
86864
16925
31189
69690
57368
24086
26912
61743
04709
95726
79077
15144
40316
08021
67853
71706
81391
21708
75688
68263
83365
30811
98092
53778
73059
82058
21632
95769
32910
90513
80855
60785
29410
05849
06468
40787
69449
59797
11566
34642
30937
53793
29648
70460
75859
66005
87674
48335
97733
10446
19222
27804
59627
90833
84365
58327
93834
93513
59023
62417
84159
39428
39159
43306
94095
71288
37366
58902
85828
18334
21486
36434
05307
09320
70777
70725
07934
19549
22489
89846
65884
52315
23172
58212
20500
39396
71975
56077
00855
22157
35439
70508
52792
32789
51902
82060
22833
67648
65770
52035
66570
05911
12358
84669
74912
23856
34405
85376
97344
80714
43299
94409
82365
56774
60518
34370
51713
37565
59450
41930
76280
11553
68714
48261
10881
57018
47735
77070
75124
42234
30518
69819
34035
28087
84764
03025
91119
77483
76953
21056
81880
69255
18204
59725
50062
30666
22141
59053
49178
95168
98478
40485
44817
98480
23551
31753
81297
48485
28513
25259
88389
64687
32751
73015
56996
27203
72614
07334
68041
33996
05972
30070
56166
08628
98312
59762
32104
45478
89870
93173
13572
03249
25281
34291
22550
39097
29412
79380
40281
02853
34094
84942
64091
04453
64459
40940
04516
27183
06941
05440
42208
76479
86029
91988
54392
44367
98203
10195
98842
32485
41659
12187
27386
46732
84105
24946
75077
07447
33963
24719
35052
81183
49680
83658
89083
44908
83416
02395
23755
58607
03406
27051
45413
35083
87536
26246
62195
57679
86108
88519
23022
78081
13941
64567
27414
82448
43829
03743
23242
69968
06560
20444
36026
60592
08680
74225
17714
06518
92966
74513
07454
98617
22274
91298
36399
57577
99545
38162
57465
86393
36904
40975
93847
17838
12985
58293
09692
15189
79455
52133
03804
52482
64852
70478
45298
54884
80151
